4294967278,14
4294967278,400
4294967278,17
4294967278,16
4294967278,15
4294967294,18
4294967294,127
4294967294,14
4294967294,126
4294967294,20
4294967294,13
4294967278,19
4294967278,18
4294967278,367
4294967279,346
4294967278,295
4294967279,542
4294967278,425
4294967279,553
4294967278,20
4294967278,399
4294967278,420
4294967278,21
4294967279,291
4294967278,22
4294967278,365
4294967278,23
4294967278,444
4294967278,25
4294967278,24
4294967279,310
4294967278,310
4294967279,327
4294967278,398
4294967279,308
4294967278,308
4294967278,27
4294967278,26
4294967278,432
4294967279,356
4294967278,29
4294967278,28
4294967278,33
4294967278,32
4294967278,31
4294967278,30
4294967278,34
4294967278,419
4294967278,50
4294967278,49
4294967278,48
4294967278,47
4294967278,46
4294967278,45
4294967278,44
4294967278,43
4294967278,42
4294967278,41
4294967278,40
4294967278,39
4294967278,38
4294967278,37
4294967278,36
4294967278,35
4294967279,521
4294967279,375
4294967279,365
4294967279,139
4294967279,272
4294967279,136
4294967279,135
4294967279,134
4294967279,133
4294967279,271
4294967279,282
4294967279,279
4294967279,374
4294967279,277
4294967279,265
4294967279,264
4294967279,263
4294967279,262
4294967279,261
4294967279,275
4294967279,258
4294967279,257
4294967279,256
4294967279,255
4294967279,254
4294967278,370
4294967278,257
4294967278,349
4294967278,424
4294967278,347
4294967278,358
4294967278,403
4294967278,60
4294967278,59
4294967278,317
4294967278,58
4294967278,57
4294967278,56
4294967278,55
4294967278,54
4294967278,53
4294967278,52
4294967278,51
4294967279,538
4294967279,575
4294967279,84
4294967279,81
4294967279,80
4294967279,79
4294967279,522
4294967279,78
4294967279,76
4294967279,75
4294967279,74
4294967279,73
4294967279,71
4294967279,70
4294967279,69
4294967279,67
4294967279,65
4294967279,64
4294967279,540
4294967279,60
4294967279,59
4294967279,58
4294967279,57
4294967279,55
4294967279,54
4294967279,53
4294967279,51
4294967279,49
4294967279,47
4294967279,46
4294967279,44
4294967279,42
4294967279,41
4294967279,40
4294967279,38
4294967279,35
4294967279,34
4294967279,33
4294967279,32
4294967279,29
4294967279,28
4294967279,27
4294967279,25
4294967279,24
4294967279,22
4294967279,19
4294967279,18
4294967279,15
4294967279,12
4294967279,10
4294967279,9
4294967278,364
4294967294,30
4294967294,942
4294967294,939
4294967294,933
4294967294,922
4294967294,830
4294967294,829
4294967294,827
4294967278,344
4294967278,343
4294967278,342
4294967278,412
4294967278,363
4294967278,248
4294967278,246
4294967278,242
483,4
4294967278,244
483,3
483,2
483,1
4294967278,393
4294967278,240
4294967278,238
4294967279,552
4294967279,260
4294967278,237
4294967278,236
4294967278,234
481,4
4294967278,232
481,3
481,2
481,1
4294967278,231
4294967278,230
4294967294,387
4294967294,388
4294967278,228
4294967278,226
480,4
480,3
480,2
480,1
4294967278,224
4294967278,222
4294967278,220
479,4
4294967278,218
479,3
479,2
479,1
4294967278,362
4294967278,216
4294967278,214
4294967278,213
478,4
478,3
478,2
478,1
4294967278,212
4294967294,1416
4294967294,973
4294967294,967
4294967278,211
4294967278,210
477,4
4294967278,209
477,3
477,2
477,1
4294967278,408
4294967278,208
4294967278,207
4294967278,206
476,4
476,3
476,2
476,1
4294967278,205
4294967278,204
4294967278,203
475,4
4294967278,202
475,3
475,2
475,1
4294967278,383
4294967278,201
4294967294,1417
4294967278,198
4294967278,360
4294967278,338
474,6
4294967278,197
4294967278,382
4294967279,524
4294967279,381
4294967278,196
474,5
4294967278,194
474,4
4294967278,193
474,3
474,2
474,1
4294967278,446
4294967279,193
4294967294,389
4294967278,192
4294967279,192
4294967294,437
4294967294,120
4294967278,189
4294967278,361
473,5
4294967278,188
4294967279,188
4294967278,187
473,4
473,3
473,2
473,1
4294967279,518
4294967278,186
4294967294,395
4294967294,396
4294967294,413
4294967294,178
4294967294,385
4294967294,420
4294967294,179
4294967294,414
4294967294,167
4294967294,403
4294967294,913
4294967294,183
4294967294,168
4294967294,169
4294967294,466
4294967294,113
4294967294,397
4294967294,160
4294967278,440
4294967279,541
4294967278,184
4294967278,328
4294967278,421
4294967279,373
4294967278,179
4294967278,178
4294967294,904
4294967294,186
4294967294,903
4294967278,176
472,4
4294967278,177
472,3
472,2
472,1
4294967294,107
4294967279,175
4294967279,173
4294967294,949
4294967279,172
4294967294,99
4294967294,41
4294967294,45
4294967294,427
4294967294,44
4294967294,43
4294967294,53
4294967294,51
4294967294,468
4294967294,912
4294967294,401
4294967294,898
4294967294,176
4294967294,960
4294967294,966
4294967294,185
4294967294,92
4294967294,90
4294967294,88
4294967294,86
4294967294,84
4294967294,1414
4294967294,469
4294967294,82
4294967279,372
4294967294,6
4294967278,132
4294967279,530
